647458
368879
1831532
1361639
1872378
291471
543775
1456256
681317
1831899
1372488
925308
123321
1060156
1022015
1979724
1635975
479762
1278
678071
1053936
7804
1546466
1094420
936056
491682
1436130
1784349
1573292
1125141
553584
342693
1240321
694282
667637
1776849
101193
71034
564252
1212719
63923
65456
804131
298476
25940
981527
635266
1906179
1116476
669518
1664737
1529268
358654
1004093
1453464
1414788
1006450
956641
1920044
1075465
105023
1206743
1507099
1926403
1781838
1743514
451318
656516
1440739
1785676
993016
1774077
1845765
243439
715461
971794
1336259
978014
787755
1978611
832850
1958517
1915883
576137
502100
856579
1554147
338915
1011450
1303583
879576
262061
1790218
938210
1761566
521158
1361899
228625
98090
1657693
280636
998293
1664625
1575493
668965
707884
218028
1887037
385047
504825
266254
607752
1165342
1537583
1425816
665879
933914
1246311
786690
565286
71579
1490253
570639
1267715
695180
1655982
1318492
1780589
1623583
963831
163910
685754
1180650
1923775
1973094
1129142
864807
1307779
1418371
406586
418137
591022
248197
220783
954649
1264893
1740972
1119541
1884636
1702529
1971154
903660
666706
1848797
1138204
469077
586707
1556167
448995
1741840
496651
353654
725884
1857186
908121
326260
664671
1614877
407874
1410865
1351324
575116
1836172
859503
1628824
1441185
261518
1810890
120124
1276804
1933778
1205578
1350307
1536990
150722
1832838
1132533
1660994
434815
782748
1553855
839553
1124955
1463529
325966
349390
1974571
1253901
1554965
1102826
1844736
1695520
113972
838558
1519687
73810
1649151
588449
815256
493906
1208525
749927
1003382
955070
179745
371793
1683326
458344
1933794
1343142
1165944
1614420
1961816
543665
1261289
964419
1095073
630682
1054763
1951870
473062
322078
330569
41063
204921
351755
423424
144228
1059717
1469247
791753
634586
47667
419677
848737
1376488
1155813
1310905
193652
422770
123230
586988
112943
1906146
1928808
1755914
162476
1653046
760903
1432106
1778911
1259896
1789464
795544
1249287
1823185
426327
336318
579567
303466
183763
243033
1090496
1474849
1189189
455369
842841
676247
1926487
225651
82154
592869
942088
1340752
1035697
1609180
339374
1008050
287364
1135545
241992
1382755
1033241
1879582
634910
497986
1119007
318575
1028624
1967459
924144
1041415
139096
834738
327049
1391429
993215
22737
51307
918683
474154
666246
1642370
24276
1733154
1039529
1913946
1858706
178965
1399200
16824
256308
1576413
402272
744561
428831
1517844
1505160
277343
1156951
961475
42797
123019
1906850
240607
1582216
17914
1871406
1595350
648267
1345628
1085125
1109171
1083744
1057926
580056
1770631
1235062
1573111
371644
1042907
822460
550923
595390
881012
660559
1055601
1906871
1596712
984419
762927
628169
1217916
38224
440941
178546
97803
188734
1845088
1859573
1430469
633616
1539336
1993660
293729
1909918
1131834
532409
1089002
1423894
877534
631101
1644702
540312
1444785
1452356
1769534
669753
532406
1569634
1399248
1678844
487056
402460
1827528
368351
624403
1033741
1685497
365388
1822638
1873428
484699
1567223
138776
1172448
1096448
957034
478704
1524073
1776320
1707173
1986424
372563
1905695
1962968
936241
967872
1411133
385756
202795
1078856
1727795
712028
498314
443976
1937495
611569
1268297
117543
851132
1289003
1240411
1551028
1181418
1598113
947199
1917071
1926072
304755
116447
1945479
1387321
1293808
945352
1523789
1434568
1794092
1915294
67079
708174
1090635
71295
890913
180741
1159445
1363667
1422325
891007
876433
38036
84424
781503
368338
1454546
702752
812600
1606093
1642127
1353081
1995174
1193521
864967
12211
1291030
984594
637528
972335
1277686
517122
606762
1599196
702452
1670724
1106705
1655590
1836341
1638540
374727
800766
1247113
836539
129275
1566396
146553
1240754
1837955
1797925
885778
1351098
1276923
1845750
1182455
468586
1422582
1310228
1811046
440094
503866
1415184
1896963
226777
1705875
442839
338552
967849
1406973
476527
921198
615692
1955496
917505
130657
1256613
643066
378086
433282
1358129
672705
305455
482388
1390427
57553
467768
579599
1913111
837799
345582
992488
676793
1951729
637822
1443816
71484
1638621
323674
1718140
139905
1924695
1466828
195107
497476
1016698
329215
198512
757061
93902
1972354
545028
1609208
920067
1804785
1101355
407228
1670459
682921
1919997
1453552
1944742
894174
238685
1235292
127729
1615117
1744804
148599
919447
296813
1326006
1281156
1630988
1619255
724059
1132314
606376
1662475
1832976
1538571
1206599
1615636
597470
851252
835880
1194034
905765
2590
1196915
1379734
353274
414473
1113463
782734
1570410
1538939
1964288
145637
870867
1894870
1423589
482426
1213303
642486
1029510
1820292
10428
179012
1026897
1070595
311795
1923203
325716
1416027
1380732
436917
1761663
1711103
1327087
1814066
1660875
1771983
1104385
362413
1341328
346139
271238
1171049
922669
1567283
1788807
58175
162220
815850
573255
1042097
1272560
368547
253120
1163625
278091
616948
1253258
1372854
1351969
453458
1110057
731236
1786025
1250245
1739210
747395
1481411
998651
456342
844712
663851
1896638
94545
261927
1438026
983681
1013756
743304
1058614
1875785
1587060
1587244
1331018
768886
1361466
199317
1107595
1946226
1038632
1846408
1884306
1383528
1303965
545594
1916244
543559
227644
116904
799227
412662
1362975
1605683
529885
459864
859739
1231478
1385257
1372088
1028753
1544646
901621
933978
671126
397177
1761831
766322
59840
272312
1528376
408486
1729008
85891
1793186
68134
1885396
1036651
372458
1687712
1698286
52231
164276
395909
1859896
1883676
1794238
1304453
1632933
277232
7456
12789
692122
692036
1149207
537904
1736756
1214575
1378509
129593
628990
1826359
568361
957967
1065506
1328872
190184
1074738
1080713
986308
500327
1459011
1857209
975067
637591
125414
138222
1575148
1105683
1111006
1029326
1632605
419757
1086431
1126033
1922635
1779367
1398204
1643564
761274
1593818
1068275
1502527
1981322
313753
1433079
1062199
81485
1274800
1623355
1369543
485856
890786
1773666
524160
866943
1191778
658070
1244703
1292008
962707
723441
1794849
649417
345986
386937
1075158
392483
1209049
1046330
1933792
799228
1198560
258561
507142
373360
417998
1607144
1789944
1906712
792527
768367
1061905
1239569
1564864
1614823
1936036
714125
88433
38601
908575
1973433
822793
1077084
428164
1475172
538799
1948163
1441458
1618052
1090119
123452
932744
1049496
875385
971179
687264
1308117
893713
1169021
1138142
1307666
1516002
980356
1104634
1877791
416077
350454
1982881
575159
270652
777222
612644
1017282
1830895
1830046
846423
1362548
1041641
897327
995412
766971
1047043
754040
218796
669395
68283
1231382
1210544
759748
547419
1382695
92068
260843
493827
1967884
379256
29089
440881
1934149
1724752
1516852
1741166
1450282
666186
1597680
598108
590737
1785967
1662661
1128264
1305274
974147
817149
620235
1876572
1315784
938413
1929442
1845349
1195040
1590261
1532272
1689790
734230
872531
262732
525694
1650321
451439
403073
1587623
626167
1559119
1546038
130222
1972912
1324334
818219
380164
975039
1781971
517326
942377
1898860
860660
1161729
237124
1545604
1719641
486219
1082711
1656168
1014496
233505
1316034
1599339
1241772
147181
974995
150233
956597
1593192
1052620
1569349
684806
37965
1875034
86634
1699886
1669298
1123561
1762664
876255
299930
292179
56730
1854294
1144622
322387
935667
1076331
181673
109943
157574
1532827
1549843
1285460
410619
1884870
1248335
1687856
1120078
927265
622371
200267
1250596
418451
1631167
826690
290706
1598083
1002482
947339
801975
810352
1535945
1390050
1164905
474820
398511
678610
401582
1330469
723531
1567018
1644888
1596010
1107533
1547183
889134
204271
1815525
230531
1315233
1049825
141492
838748
186962
1029492
1035825
801678
563725
1021450
855651
1420497
1627985
1813325
1378048
1301157
1898373
1654703
853378
946748
625513
651412
1012151
1992544
763099
1294874
1300787
1008176
814220
993242
388555
545476
1953150
981780
657043
901066
1337288
258129
1452081
1625272
801363
1966841
13892
315022
810800
1452315
113850
144737
64716
1687294
347045
1037779
502310
249703
385200
848075
1878168
1127085
409133
1313388
956108
812519
976129
1230201
55399
423907
624845
1827416
464978
262422
694452
49122
913894
858994
1629517
190630
459289
1763554
163127
596809
611342
1985994
1284889
871768
813108
1009509
394027
304385
603754
1276683
1419052
1501641
206615
697370
1671186
706110
1398323
1772528
1427314
221347
731197
1450084
181652
274640
1869250
388053
1430300
1770646
1357306
688240
733400
269961
1555087
1076070
144621
1271895
724614
908297
1072615
466073
503819
1666188
91829
57071
1778413
1881352
124576
816494
1481
764491
1497174
650109
197559
1723048
1202468
262432
1290201
1085817
1998954
175402
1271863
213498
1084698
206225
1810943
176689
1145546
699591
1314001
1369514
1473038
1714388
795868
725062
1060334
518743
144200
790978
1491488
1791034
551780
56175
1458126
1578876
1617001
454548
390779
954627
374591
372222
1671626
1310212
1673692
1921374
1480502
1586071
548893
252881
1023538
68364
1418157
1651959
1684171
1158247
113353
1210977
1394063
37780
99418
71241
1042162
494676
499164
1486029
1727243
997189
1244503
1787987
1634064
213824
1895396
1586974
455341
1504748
561137
1071422
693150
114952
193265
1460843
1405577
1551491
729893
1251396
351479
1407012
302932
1448239
326874
258944
1858951
307296
213794
1555825
1142254
1899144
1732625
1301278
730197
1515037
222077
1425356
314348
275242
131688
864383
1234448
1005740
1605077
154935
148622
81917
703166
76013
891831
628485
910535
1170218
1994874
1564367
1195132
1613680
185154
1176768
181616
1775117
962409
315949
596313
755121
749769
954715
1299710
1578153
1222380
568031
485944
1859579
135169
1060970
28400
1460767
1021017
1218369
740043
910158
46602
917569
160531
1244260
1726472
1317733
155797
1906668
1157533
849118
335101
1471629
1620414
1243882
1638217
355293
352385
1571949
1605591
810360
1006619
567258
539906
589346
1193941
997170
712583
1872736
1686517
521937
580447
902431
1556972
498988
1128757
1926277
916614
132951
727095
1301422
1008290
1879894
524959
223623
1627398
945205
351173
907352
829969
1007588
1711503
663033
1601352
1970857
1026984
414677
1465994
1932041
1608400
1742024
1420121
1813719
69109
1368789
755201
321245
172039
809554
499937
1299664
947997
1258918
157466
1209212
957237
604730
300523
263155
1167982
78621
1179680
827027
161986
1133877
1969619
1255054
165416
1764416
1267998
390101
591085
1021388
457723
851197
277537
1604104
1089642
868649
933878
713532
1878242
1524646
131148
1768909
988991
1996972
1406025
1412919
1326414
289791
1695155
749749
507602
374893
1270219
783344
776461
475436
1847524
786109
709697
1598235
587445
1666116
866963
1681294
1586432
794368
1352208
1604189
1081375
858942
1249976
1104016
192013
1575258
395897
817156
1202615
1030029
272222
1779121
1913642
1246796
1653118
1524108
1517413
1203027
358944
1973590
1541901
1266701
793289
755808
1852858
1136629
674754
1913006
1293470
1187096
1850012
270080
481182
247742
161200
445611
1027536
1120690
1982311
956685
1159297
205787
232004
284593
359562
1136277
1796340
1607057
1776792
262367
1854741
1710150
698825
263757
404213
869722
1011705
1538222
1055228
1781681
1312158
13776
1680554
1366679
583768
1581935
1785527
904055
1320397
1831931
731427
1127680
819835
301774
594573
1805857
1576593
1804506
1113782
366175
1739027
1800351
140640
1061155
1120345
1568181
692088
1226873
295128
949456
590097
135444
1097090
1372283
1629145
939562
41675
1249000
449411
1486618
1384345
1127952
1687990
1013970
1404886
574382
614200
708938
307198
1549693
451754
283636
1327642
1848562
510923
1678983
1205234
1575569
1839963
1212625
1031136
789468
123851
1762952
749477
329022
1116910
1116291
1245633
1401951
529405
856882
965153
1889629
1616862
72192
1212472
1753776
984707
565935
986479
48844
1571762
353119
1954824
829563
906817
575089
1615151
1905139
320768
1975370
942297
1382806
382632
219923
996351
840357
1144262
1094045
1422023
65093
348659
1355667
1539938
1785150
896680
1237349
230220
1007846
1485517
1622215
856936
885496
487463
1664082
1997880
1666688
1062150
1724609
166166
555108
1666617
1714506
1826125
1362098
1482690
433998
63902
825460
1952436
193999
1036411
1846734
1865313
600314
1437789
1356306
444095
1500305
997313
1061788
1094979
942914
652459
1744151
895634
1555455
492666
1958728
210496
1646907
40236
200946
891705
648318
144983
915563
1191536
64016
383763
1656417
992893
791149
184390
852047
1133112
1698850
1101300
197132
702556
1682250
238030
534757
303321
1929864
408827
242915
1981204
1881824
436584
1812409
462795
1393349
1636357
172093
1562021
718775
1905942
624764
1780101
613211
771598
115
256544
1434062
940363
386112
745803
494121
1919585
632001
1856640
1915583
857267
1093628
130290
932331
1276523
1237259
1188538
751905
1091543
1588968
893114
1634426
743565
1479105
208657
1606319
1493574
757597
813857
132861
1041314
860619
983823
1017269
1769245
477833
1855076
849361
1610670
808481
285897
869858
1482607
1207578
1537144
1057639
742719
449731
116352
1054771
137528
1176309
1082052
1063040
388570
1688515
1953960
510101
1766102
1757684
167820
559802
758907
1921726
601389
1635610
1103998
1322244
663821
1282736
1274739
606650
1774552
1094500
181928
285265
1918257
1308244
1993520
168988
211134
1764993
633999
1165155
1504829
886662
505686
1721096
1764630
108278
1600917
1897552
603358
1765083
616132
1572570
1954792
1266369
1662185
968296
1052756
479212
203631
1172549
323245
1671139
1977604
234410
1326695
969281
674018
983559
372121
865348
1203509
1196419
40705
24652
1189553
1110012
1678339
51592
114807
1470608
293983
169228
484177
376782
1747847
1711706
346673
248266
13056
1564376
459975
514878
846374
908182
841560
762669
747423
304128
547938
1745136
1455846
1358397
1310448
238719
347570
1163483
1033253
198129
1567432
528412
68893
1001970
1110999
762078
451959
1971317
1974068
312565
268639
631795
887070
1696929
147458
1460990
889722
1574735
708715
958305
113499
171850
1006443
1208437
512328
1696120
848647
687317
1567550
471528
1154240
331680
485317
1249057
1030459
1459555
775111
519041
1390114
1777307
1250388
424744
752871
1996855
420153
829957
1035900
797827
1818977
1315166
540461
1251041
568905
955742
990261
674723
684912
405917
1391607
1691189
1734897
874541
707010
589063
1757581
1298620
1051040
1801810
1219019
902071
688946
1477389
1711199
1332345
1324255
1434800
1246423
270503
97564
577617
1470749
1485601
1210355
1143878
653209
488805
430534
435849
1410606
1537564
978887
445315
1559721
4361
855915
1553496
1441092
1160834
1120122
1577516
1293214
372862
148612
1222840
286919
1326264
1753945
1813056
1040120
574163
975318
869398
246189
412088
814795
1151858
73130
776555
293536
1164223
703362
1223158
640600
1071189
1267992
847523
771558
1263549
162924
452995
18542
1463103
908168
534654
1809252
1470433
1318052
425885
983338
710062
1593355
658409
63074
676105
440447
343403
258890
1780409
1767644
276507
1990094
410612
1146006
888592
226057
1976572
789975
236191
1915526
1212756
1226534
1346632
1317440
568407
1309655
457221
538916
1665702
3377
914151
436257
1119779
1056332
119494
957558
1856461
794262
1573382
1940476
377700
808152
756008
672504
70036
581636
1561530
1241903
194665
1454644
980333
301012
1909202
94428
858366
93250
1806800
1795740
1832216
1892222
1861584
1737981
1131343
1011592
1147310
1262713
250560
713976
637685
760182
1570335
1497418
150546
1865910
81228
991682
804633
747546
1722982
616172
1075159
1036993
124005
444469
24510
1560912
1298926
1055677
645938
1606129
1894137
210640
717566
283635
1319118
808118
361258
1456676
703959
927275
1974366
110598
850078
1810130
1824282
1301238
744524
610902
244461
1250810
968007
825049
1044007
792681
1663739
1730094
1815184
1428132
938407
636883
540830
645329
342097
394641
1024839
350541
1147191
1992552
1202258
1306697
1721849
383683
1284611
1616738
420783
1252420
56079
1074300
986121
244502
688147
817357
467851
1953049
1611315
434145
686913
865297
1331158
368749
1595708
870605
804876
405413
75679
1002931
1231936
190167
147296
1386248
287143
980379
1046047
1771848
400863
1620668
1448153
1483776
1418621
1071392
390517
106962
617391
1400689
1543017
295179
1054045
587483
1897874
1791683
767504
1749777
1166471
1725747
750013
994133
1221312
1682755
515797515
649614
1566734
1214642
894280
1215991
515276
405465
1627518
1625139
217988
1318699
270723
1348367
1978684
176554
1501723
567809
558837