19
521
412
474
494
783
465
477
572
470
358
477
795
890
2
115
40
283
321
274
598
70
192
403
970
903
918
174
733
42
439
391
198
280
542
788
466
921
129
48
158
991
226
852
159
479
345
447
799
787
747
135
93
585
274
354
624
658
588
844
638
201
433
41
612
168
786
415
774
750
293
53
443
959
25
804
139
514
176
460
127
276
620
633
157
702
622
963
3
534
283
726
923
410
442
119
751
53
775
989
331
324
589
976
714
823
406
279
356
915
622
361
996
809
411
152
102
592
952
787
624
522
995
848
176
152
452
920
15
328
482
546
561
788
348
596
469
181
137
921
300
518
84
159
615
721
434
978
276
511
256
756
257
196
784
620
159
441
405
436
706
707
737
551
93
308
723
665
27
339
387
393
364
656
602
525
145
766
427
523
615
155
314
868
41
559
0
977
132
620
587
793
415
15
579
392
468
92
128
80
650
836
666
866
676
310
53
375
407
949
242
137
579
886
789
312
258
420
64
980
266
379
498
651
679
99
33
440
751
641
144
841
487
326
972
998
514
735
232
253
11
85
139
795
475
155
177
816
761
808
462
299
748
291
188
413
216
643
444
112
42
214
125
794
415
358
6
487
530
452
791
132
915
910
487
19
540
896
514
654
405
788
336
604
338
287
503
541
78
929
855
81
158
674
44
782
909
811
399
937
740
430
242
146
723
185
886
251
114
329
54
819
47
696
841
480
653
853
211
408
189
763
46
539
842
681
652
441
526
86
257
621
162
258
496
515
302
877
100
57
786
853
260
256
404
757
890
709
69
101
586
915
252
227
926
745
101
510
190
347
548
763
371
714
378
20
843
404
294
616
650
785
761
907
460
110
566
22
258
495
30
670
255
872
365
390
486
339
584
275
461
26
307
100
607
470
672
229
267
807
396
251
650
615
738
385
78
161
626
794
697
427
120
791
798
224
910
129
324
285
949
180
243
557
180
473
693
641
180
240
592
180
687
130
217
920
109
667
365
276
398
744
923
939
760
87
489
636
208
676
45
782
380
506
546
648
303
597
631
741
724
440
599
505
40
723
886
665
839
118
626
358
473
54
246
721
410
455
242
20
674
638
147
668
730
709
993
401
677
427
850
945
933
885
599
845
623
645
835
913
576
847
387
905
329
864
279
741
311
842
554
753
1
720
342
146
764
264
812
336
558
745
155
505
906
108
441
945
699
782
987
748
301
80
945
399
971
9
830
975
362
582
742
282
769
959
475
30
528
858
189
882
890
825
811
257
899
831
237
869
729
492
896
435
842
814
188
121
67
311
881
595
34
217
230
412
668
744
261
821
271
663
364
143
240
403
629
5
21
991
138
79
913
335
919
135
1
307
880
821
461
412
775
416
908
196
105
823
385
314
595
951
175
394
97
391
208
117
981
504
399
81
194
956
505
775
362
684
580
188
238
360
779
816
301
242
551
419
51
399
240
367
175
994
658
841
532
530
68
504
739
597
24
876
749
53
911
357
436
986
995
762
937
739
360
775
461
331
576
497
560
476
546
425
213
938
769
923
429
293
968
549
301
82
426
819
964
292
624
548
378
364
361
239
121
763
922
570
133
945
984
93
389
110
877
156
651
505
800
137
858
110
845
207
620
0
932
974
298
532
589
301
327
897
465
639
876
210
90
991
300
488
283
328
739
555
98
697
739
95
878
743
651
132
175
257
353
485
745
32
752
767
320
245
709
513
485
389
783
241
308
622
281
630
362
923
851
954
381
187
842
234
894
589
206
492
1
552
308
55
593
320
47
942
502
26
551
656
601
78
546
500
954
919
350
99
201
158
154
7
918
533
982
233
952
669
444
963
167
790
191
248
278
962
639
369
368
463
483
43
219
415
392
461
45
397
736
356
959
993
126
159
134
665
924
560
759
679
797
313
95
858
239
165
755
325
998
785
74
320
758
546
730
261
127
67
266
148
563
916
76
537
252
906
731
518
479
158
778
641
18
672
334
984
136
426
130
585
692
435
829
676
536
845
911
43
442
281
379
147
967
134
472
291
974
958
6
310
657
309
702
846
963
428
586
778
935
59
943
218
160
151
5
173
608
143
327
351
335
611
527
939
824
90
85
617
992
338
406
695
304
608
526
150
462
22
800
297
326
409
264
902
764
96
430
264
583
142
849
379
744
76
816
537
276
711
384
526
685
75
318
719
196
474
703
9
859
495
869
53
278
589
740
932
599
914
515
474
333
536
605
288
488
359
73
990
206
846
22
218
428
825
691
900
124
313
541
645
288
141